PORT=3000
NODE_ENV=development
JWT_SECRET=mon-super-secret-key-change-moi
HUGGINGFACE_API_KEY=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
DATABASE_PATH=./data.db


HEDERA_ACCOUNT_ID=0.0.5425861
HEDERA_PRIVATE_KEY=3030020100300706052b8104000a042204205319fb6d90fad830debfd99f6e543d51eef8b9ec6f6d48a6195418e1a08b7b17
HEDERA_NETWORK=testnet



HEX_Encoded_Private_Key=0x5319fb6d90fad830debfd99f6e543d51eef8b9ec6f6d48a6195418e1a08b7b17
FIT_TOKEN_ID=0.0.7180699
NFT_BADGE_TOKEN_ID=0.0.7180700

WALLET_ENCRYPTION_KEY=hedera-fit-super-secret-key-32bytes-min


ACTIVITY_TOPIC_ID=0.0.7249704


# Smart Contract Addresses (deployed 2025-11-21T21:40:48.621Z)
FITNESS_CONTRACT_ADDRESS1=0x6556cc3C05839Ae1642debfCE9495a172001CC0f
FITNESS_CONTRACT_ADDRESS=0.0.7303410
MARKETPLACE_CONTRACT_ADDRESS1=0x099638CDafF5801B52F26FB11E8b7292ED9a24CD
MARKETPLACE_CONTRACT_ADDRESS=0.0.7303411